000000444368 
000000444369 
000000444370 
000000444371 
000000444372 
000000444373 
000000444374 
000000444375 
000000444376 
000000444377 
000000444378 
000000444379 
000000444380 
000000444381 
000000444382 
000000444383 
000000444384 
000000444385 
000000444386 
000000444387 
000000444388 
000000444389 
000000444390 
000000444391 
000000444392 
000000444393 
000000444394 
000000444395 
000000444396 
000000444397 
000000444398 
000000444399 
000000444400 
000000444401 
000000444402 
000000444403 
000000444404 
000000444405 
000000444406 
000000444407 
000000444408 
000000444409 
000000444410 
000000444411 
000000444412 
000000444413 
000000444414 
000000444415 
000000444416 
000000444417 
000000444418 
000000444419 
000000444984 
000000444985 
000000444986 
000000444987 
000000444988 
000000444989 
000000444990 
000000444991 
000000444992 
000000444993 
000000444994 
000000444995 
000000444996 
000000444997 
000000444998 
000000444999 
000000445000 
000000445001 
000000445002 
000000445003 
000000445004 
000000445005 
000000445006 
000000445007 
000000445008 
000000445009 
000000445010 
000000445011 
000000445012 
000000445013 
000000445014 
000000445015 
000000445016 
000000445017 
000000445018 
000000445019 
000000445020 
000000445021 
000000445022 
000000445023 
000000445024 
000000445025 
000000445026 
000000445027 
000000445028 
000000445029 
000000445030 
000000445031 
000000445032 
000000445033 
000000445034 
000000445035 
000000445036 
000000445037 
000000445038 
000000445039 
000000445040 
000000445041 
000000445042 
000000445043 
000000445044 
000000445045 
000000445046 
000000445047 
000000445048 
000000445049 
000000445050 
000000445051 
000000445052 
000000445053 
000000445054 
000000445055 
000000445056 
000000445057 
000000445058 
000000445059 
000000445060 
000000445061 
000000445062 
000000445063 
000000445064 
000000445065 
000000445066 
000000445067 
000000445068 
000000445069 
000000445070 
000000445071 
000000445072 
000000445073 
000000445074 
000000445075 
000000445076 
000000445077 
000000445078 
000000445079 
000000445080 
000000445081 
000000445082 
000000445083 
000000445084 
000000445085 
000000445086 
000000445087 
000000445088 
000000445089 
000000445090 
000000445091 
000000445092 
000000445093 
000000445094 
000000445095 
000000445096 
000000445097 
000000445098 
000000445099 
000000445100 
000000445101 
000000445102 
000000445103 
000000445104 
000000445105 
000000445106 
000000445107 
000000445108 
000000445109 
000000445110 
000000445111 
000000445112 
000000445113 
000000445114 
000000445115 
000000445116 
000000445117 
000000445118 
000000445119 
000000445120 
000000445121 
000000445122 
000000445123 
000000445124 
000000445125 
000000445126 
000000445127 
000000445128 
000000445129 
000000445130 
000000445131 
000000445132 
000000445133 
000000445134 
000000445135 
000000445136 
000000445137 
000000445138 
000000445139 
000000445140 
000000445141 
000000445142 
000000445143 
000000445144 
000000445145 
000000445146 
000000445147 
000000445148 
000000445149 
000000445150 
000000445151 
000000445152 
000000445153 
000000445154 
000000445155 
000000445156 
000000445157 
000000445158 
000000445159 
000000445160 
000000445161 
000000445162 
000000445163 
000000445164 
000000445165 
000000445166 
000000445167 
000000445168 
000000445169 
000000445170 
000000445171 
000000445172 
000000445173 
000000445174 
000000445175 
000000445176 
000000445177 
000000445178 
000000445179 
000000445180 
000000445181 
000000445182 
000000445183 
000000445184 
000000445185 
000000445186 
000000445187 
000000445188 
000000445189 
000000445190 
000000445191 
000000445192 
000000445193 
000000445194 
000000445195 
000000445196 
000000445197 
000000445198 
000000445199 
000000445200 
000000445201 
000000445202 
000000445203 
000000445204 
000000445205 
000000445206 
000000445207 
000000445208 
000000445209 
000000445210 
000000445211 
000000445212 
000000445213 
000000445214 
000000445215 
000000445216 
000000445217 
000000445218 
000000445219 
000000445220 
000000445221 
000000445222 
000000445223 
000000445224 
000000445225 
000000445226 
000000445227 
000000445228 
000000445229 
000000445230 
000000445231 
000000445232 
000000445233 
000000445234 
000000445235 
000000445236 
000000445237 
000000445238 
000000445239 
000000445240 
000000445241 
000000445242 
000000445243 
000000445244 
000000445245 
000000445246 
000000445247 
000000445248 
000000445249 
000000445250 
000000445251 
000000445252 
000000445253 
000000445254 
000000445255 
000000445256 
000000445257 
000000445258 
000000445259 
000000445260 
000000445261 
000000445262 
000000445263 
000000445264 
000000445265 
000000445266 
000000445267 
000000445268 
000000445269 
000000445270 
000000445271 
000000445272 
000000445273 
000000445274 
000000445275 
000000445276 
000000445277 
000000445278 
000000445279 
000000445280 
000000445281 
000000445282 
000000445283 
000000445284 
000000445285 
000000445286 
000000445287 
000000445288 
000000445289 
000000445290 
000000445291 
000000445292 
000000445293 
000000445294 
000000445295 
000000445296 
000000445297 
000000445298 
000000445299 
000000445300 
000000445301 
000000445302 
000000445303 
000000445304 
000000445305 
000000445306 
000000445307 
000000445308 
000000445309 
000000445310 
000000445311 
000000445312 
000000445313 
000000445314 
000000445315 
000000445316 
000000445317 
000000445318 
000000445319 
000000445320 
000000445321 
000000445322 
000000445323 
000000445324 
000000445325 
000000445326 
000000445327 
000000445328 
000000445329 
000000445330 
000000445331 
000000445332 
000000445333 
000000445334 
000000445335 
000000445336 
000000445337 
000000445338 
000000445339 
000000445340 
000000445341 
000000445342 
000000445343 
000000445344 
000000445345 
000000445346 
000000445347 
000000445348 
000000445349 
000000445350 
000000445351 
000000445352 
000000445353 
000000445354 
000000445355 
000000445356 
000000445357 
000000445358 
000000445359 
000000445360 
000000445361 
000000445362 
000000445363 
000000445364 
000000445365 
000000445366 
000000445367 
000000445368 
000000445369 
000000445370 
000000445371 
000000445372 
000000445373 
000000445374 
000000445375 
000000445376 
000000445377 
000000445378 
000000445379 
000000445380 
000000445381 
000000445382 
000000445383 
000000445384 
000000445385 
000000445386 
000000445387 
000000445388 
000000445389 
000000445390 
000000445391 
000000445392 
000000445393 
000000445394 
000000445395 
000000445396 
000000445397 
000000445398 
000000445399 
000000445400 
000000445401 
000000445402 
000000445403 
000000445404 
000000445405 
000000445406 
000000445407 
000000445408 
000000445409 
000000445410 
000000445411 
000000445412 
000000445413 
000000445414 
000000445415 
000000445416 
000000445417 
000000445418 
000000445419 
000000445420 
000000445421 
000000445422 
000000445423 
000000445424 
000000445425 
000000445426 
000000445427 
000000445428 
000000445429 
000000445430 
000000445431 
000000445432 
000000445433 
000000445434 
000000445435 
000000445436 
000000445437 
000000445438 
000000445439 
000000445440 
000000445441 
000000445442 
000000445443 
000000445444 
000000445445 
000000445446 
000000445447 
000000445448 
000000445449 
000000445450 
000000445451 
000000445452 
000000445453 
000000445454 
000000445455 
000000445456 
000000445457 
000000445458 
000000445459 
000000445460 
000000445461 
000000445462 
000000445463 
000000445464 
000000445465 
000000445466 
000000445467 
000000445468 
000000445469 
000000445470 
000000445471 
000000445472 
000000445473 
000000445474 
000000445475 
000000445476 
000000445477 
000000445478 
000000445479 
000000445480 
000000445481 
000000445482 
000000445483 
000000445484 
000000445485 
000000445486 
000000445487 
000000445488 
000000445489 
000000445490 
000000445491 
000000445492 
000000445493 
000000445494 
000000445495 
000000445496 
000000445497 
000000445498 
000000445499 
000000445500 
000000445501 
000000445502 
000000445503 
000000445504 
000000445505 
000000445506 
000000445507 
000000445508 
000000445509 
000000445510 
000000445511 
000000445512 
000000445513 
000000445514 
000000445515 
000000445516 
000000445517 
000000445518 
000000445519 
000000445520 
000000445521 
000000445522 
000000445523 
000000445524 
000000445525 
000000445526 
000000445527 
000000445528 
000000445529 
000000445530 
000000445531 
000000445532 
000000445533 
000000445534 
000000445535 
000000445536 
000000445537 
000000445538 
000000445539 
000000445540 
000000445541 
000000445542 
000000445543 
000000445544 
000000445545 
000000445546 
000000445547 
000000445548 
000000445549 
000000445550 
000000445551 
000000445552 
000000445553 
000000445554 
000000445555 
000000445556 
000000445557 
000000445558 
000000445559 
000000445560 
000000445561 
000000445562 
000000445563 
000000445564 
000000445565 
000000445566 
000000445567 
000000445568 
000000445569 
000000445570 
000000445571 
000000445572 
000000445573 
000000445574 
000000445575 
000000445576 
000000445577 
000000445578 
000000445579 
000000445580 
000000445581 
000000445582 
000000445583 
000000445584 
000000445585 
000000445586 
000000445587 
000000445588 
000000445589 
000000445590 
000000445591 
000000445592 
000000445593 
000000445594 
000000445595 
000000445596 
000000445597 
000000445598 
000000445599 
000000445600 
000000445601 
000000445602 
000000445603 
000000445604 
000000445605 
000000445606 
000000445607 
000000445608 
000000445609 
000000445610 
000000445611 
000000445612 
000000445613 
000000445614 
000000445615 
000000445616 
000000445617 
000000445618 
000000445619 
000000445620 
000000445621 
000000445622 
000000445623 
000000445624 
000000445625 
000000445626 
000000445627 
000000445628 
000000445629 
000000445630 
000000445631 
000000445632 
000000445633 
000000445634 
000000445635 
000000445636 
000000445637 
000000445638 
000000445639 
000000445640 
000000445641 
000000445642 
000000445643 
000000445644 
000000445645 
000000445646 
000000445647 
000000445648 
000000445649 
000000445650 
000000445651 
000000445652 
000000445653 
000000445654 
000000445655 
000000445708 
000000445709 
000000445710 
000000445711 
000000445712 
000000445713 
000000445714 
000000445715 
000000445716 
000000445717 
000000445718 
000000445719 
000000445720 
000000445721 
000000445722 
000000445723 
000000445724 
000000445725 
000000445726 
000000445727 
000000445728 
000000445729 
000000445730 
000000445731 
000000445732 
000000445733 
000000445734 
000000445735 
000000445736 
000000445737 
000000445738 
000000445739 
000000445740 
000000445741 
000000445742 
000000445743 
000000445744 
000000445745 
000000445746 
000000445747 
000000445748 
000000445749 
000000445750 
000000445751 
000000445752 
000000445753 
000000445754 
000000445755 
000000445756 
000000445757 
000000445758 
000000445759 
000000445760 
000000445761 
000000445762 
000000445763 
000000445764 
000000445765 
000000445766 
000000445767 
000000445768 
000000445769 
000000445770 
000000445771 
000000445772 
000000445773 
000000445774 
000000445775 
000000445776 
000000445777 
000000445778 
000000445779 
000000445780 
000000445781 
000000445782 
000000445783 
000000445784 
000000445785 
000000445786 
000000445787 
000000445788 
000000445789 
000000445790 
000000445791 
000000445792 
000000445793 
000000445794 
000000445795 
000000445796 
000000445797 
000000445798 
000000445799 
000000445800 
000000445801 
000000445802 
000000445803 
000000445804 
000000445805 
000000445806 
000000445807 
000000445808 
000000445809 
000000445810 
000000445811 
000000445656 
000000445657 
000000445658 
000000445659 
000000445660 
000000445661 
000000445662 
000000445663 
000000445664 
000000445665 
000000445666 
000000445667 
000000445668 
000000445669 
000000445670 
000000445671 
000000445672 
000000445673 
000000445674 
000000445675 
000000445676 
000000445677 
000000445678 
000000445679 
000000445680 
000000445681 
000000445682 
000000445683 
000000445684 
000000445685 
000000445686 
000000445687 
000000445688 
000000445689 
000000445690 
000000445691 
000000445692 
000000445693 
000000445694 
000000445695 
000000445696 
000000445697 
000000445698 
000000445699 
000000445700 
000000445701 
000000445702 
000000445703 
000000445704 
000000445705 
000000445706 
000000445707 
000000444420 
000000444421 
000000444422 
000000444423 
000000444424 
000000444425 
000000444426 
000000444427 
000000444428 
000000444429 
000000444430 
000000444431 
000000444432 
000000444433 
000000444434 
000000444435 
000000444436 
000000444437 
000000444438 
000000444439 
000000444440 
000000444441 
000000444442 
000000444443 
000000444444 
000000444445 
000000444446 
000000444447 
000000444448 
000000444449 
000000444450 
000000444451 
000000444452 
000000444453 
000000444454 
000000444455 
000000444456 
000000444457 
000000444458 
000000444459 
000000444460 
000000444461 
000000444462 
000000444463 
000000444464 
000000444465 
000000444466 
000000444467 
000000444468 
000000444469 
000000444470 
000000444471 
000000444472 
000000444473 
000000444474 
000000444475 
000000444476 
000000444477 
000000444478 
000000444479 
000000444480 
000000444481 
000000444482 
000000444483 
000000444484 
000000444485 
000000444486 
000000444487 
000000444488 
000000444489 
000000444490 
000000444491 
000000444492 
000000444493 
000000444494 
000000444495 
000000444496 
000000444497 
000000444498 
000000444499 
000000444500 
000000444501 
000000444502 
000000444503 
000000444504 
000000444505 
000000444506 
000000444507 
000000444508 
000000444509 
000000444510 
000000444511 
000000444512 
000000444513 
000000444514 
000000444515 
000000444516 
000000444517 
000000444518 
000000444519 
000000444520 
000000444521 
000000444522 
000000444523 
000000444524 
000000444525 
000000444526 
000000444527 
000000444528 
000000444529 
000000444530 
000000444531 
000000444532 
000000444533 
000000444534 
000000444535 
000000444536 
000000444537 
000000444538 
000000444539 
000000444540 
000000444541 
000000444542 
000000444543 
000000444544 
000000444545 
000000444546 
000000444547 
000000444548 
000000444549 
000000444550 
000000444551 
000000444552 
000000444553 
000000444554 
000000444555 
000000444556 
000000444557 
000000444558 
000000444559 
000000444560 
000000444561 
000000444562 
000000444563 
000000444564 
000000444565 
000000444566 
000000444567 
000000444568 
000000444569 
000000444570 
000000444571 
000000444572 
000000444573 
000000444574 
000000444575 
000000444576 
000000444577 
000000444578 
000000444579 
000000444580 
000000444581 
000000444582 
000000444583 
000000444584 
000000444585 
000000444586 
000000444587 
000000444588 
000000444589 
000000444590 
000000444591 
000000444592 
000000444593 
000000444594 
000000444595 
000000444596 
000000444597 
000000444598 
000000444599 
000000444600 
000000444601 
000000444602 
000000444603 
000000444604 
000000444605 
000000444606 
000000444607 
000000444608 
000000444609 
000000444610 
000000444611 
000000444612 
000000444613 
000000444614 
000000444615 
000000444616 
000000444617 
000000444618 
000000444619 
000000444620 
000000444621 
000000444622 
000000444623 
000000444624 
000000444625 
000000444626 
000000444627 
000000444628 
000000444629 
000000444630 
000000444631 
000000444632 
000000444633 
000000444634 
000000444635 
000000444636 
000000444637 
000000444638 
000000444639 
000000444640 
000000444641 
000000444642 
000000444643 
000000444644 
000000444645 
000000444646 
000000444647 
000000444648 
000000444649 
000000444650 
000000444651 
000000444652 
000000444653 
000000444654 
000000444655 
000000444656 
000000444657 
000000444658 
000000444659 
000000444660 
000000444661 
000000444662 
000000444663 
000000444664 
000000444665 
000000444666 
000000444667 
000000444668 
000000444669 
000000444670 
000000444671 
000000444672 
000000444673 
000000444674 
000000444675 
000000444676 
000000444677 
000000444678 
000000444679 
000000444680 
000000444681 
000000444682 
000000444683 
000000444684 
000000444685 
000000444686 
000000444687 
000000444688 
000000444689 
000000444690 
000000444691 
000000444692 
000000444693 
000000444694 
000000444695 
000000444696 
000000444697 
000000444698 
000000444699 
000000444700 
000000444701 
000000444702 
000000444703 
000000444704 
000000444705 
000000444706 
000000444707 
000000444708 
000000444709 
000000444710 
000000444711 
000000444712 
000000444713 
000000444714 
000000444715 
000000444716 
000000444717 
000000444718 
000000444719 
000000444720 
000000444721 
000000444722 
000000444723 
000000444724 
000000444725 
000000444726 
000000444727 
000000444728 
000000444729 
000000444730 
000000444731 
000000444732 
000000444733 
000000444734 
000000444735 
000000444736 
000000444737 
000000444738 
000000444739 
000000444740 
000000444741 
000000444742 
000000444743 
000000444744 
000000444745 
000000444746 
000000444747 
000000444748 
000000444749 
000000444750 
000000444751 
000000444752 
000000444753 
000000444754 
000000444755 
000000444756 
000000444757 
000000444758 
000000444759 
000000444760 
000000444761 
000000444762 
000000444763 
000000444764 
000000444765 
000000444766 
000000444767 
000000444768 
000000444769 
000000444770 
000000444771 
000000444772 
000000444773 
000000444774 
000000444775 
000000444776 
000000444777 
000000444778 
000000444779 
000000444780 
000000444781 
000000444782 
000000444783 
000000444784 
000000444785 
000000444786 
000000444787 
000000444788 
000000444789 
000000444790 
000000444791 
000000444792 
000000444793 
000000444794 
000000444795 
000000444796 
000000444797 
000000444798 
000000444799 
000000444800 
000000444801 
000000444802 
000000444803 
000000444804 
000000444805 
000000444806 
000000444807 
000000444808 
000000444809 
000000444810 
000000444811 
000000444812 
000000444813 
000000444814 
000000444815 
000000444816 
000000444817 
000000444818 
000000444819 
000000444820 
000000444821 
000000444822 
000000444823 
000000444824 
000000444825 
000000444826 
000000444827 
000000444828 
000000444829 
000000444830 
000000444831 
000000444832 
000000444833 
000000444834 
000000444835 
000000444836 
000000444837 
000000444838 
000000444839 
000000444840 
000000444841 
000000444842 
000000444843 
000000444844 
000000444845 
000000444846 
000000444847 
000000444848 
000000444849 
000000444850 
000000444851 
000000444852 
000000444853 
000000444854 
000000444855 
000000444856 
000000444857 
000000444858 
000000444859 
000000444860 
000000444861 
000000444862 
000000444863 
000000444864 
000000444865 
000000444866 
000000444867 
000000444868 
000000444869 
000000444870 
000000444871 
000000444872 
000000444873 
000000444874 
000000444875 
000000444876 
000000444877 
000000444878 
000000444879 
000000444880 
000000444881 
000000444882 
000000444883 
000000444884 
000000444885 
000000444886 
000000444887 
000000444888 
000000444889 
000000444890 
000000444891 
000000444892 
000000444893 
000000444894 
000000444895 
000000444896 
000000444897 
000000444898 
000000444899 
000000444900 
000000444901 
000000444902 
000000444903 
000000444904 
000000444905 
000000444906 
000000444907 
000000444908 
000000444909 
000000444910 
000000444911 
000000444912 
000000444913 
000000444914 
000000444915 
000000444916 
000000444917 
000000444918 
000000444919 
000000444920 
000000444921 
000000444922 
000000444923 
000000444924 
000000444925 
000000444926 
000000444927 
000000444928 
000000444929 
000000444930 
000000444931 
000000444354 
000000444355 
000000444356 
000000444357 
000000444358 
000000444359 
000000444360 
000000444361 
000000444362 
000000444363 
000000444364 
000000444365 
000000444366 
000000444367 
000000444932 
000000444933 
000000444934 
000000444935 
000000444936 
000000444937 
000000444938 
000000444939 
000000444940 
000000444941 
000000444942 
000000444943 
000000444944 
000000444945 
000000444946 
000000444947 
000000444948 
000000444949 
000000444950 
000000444951 
000000444952 
000000444953 
000000444954 
000000444955 
000000444956 
000000444957 
000000444958 
000000444959 
000000444960 
000000444961 
000000444962 
000000444963 
000000444964 
000000444965 
000000444966 
000000444967 
000000444968 
000000444969 
000000444970 
000000444971 
000000444972 
000000444973 
000000444974 
000000444975 
000000444976 
000000444977 
000000444978 
000000444979 
000000444980 
000000444981 
000000444982 
000000444983 
000000445812 
000000000001 
000000000002 
000000000003 
000000000004 
000000000005 
000000000006 
000000000007 
000000000008 
000000000009 